1907
115
883
192
806
1907
1907
1190
345
1881
1907
345
1190
1907
1497
1497
960
115
1881
1728
345
115
1497
1267
1574
1497
345
0
1497
0
115
1881
1907
1497
1881
345
0
1907
1267
1267
576
115
115
1907
1267
192
1113
499
1907
1574
1881
345
1190
652
1804
1881
729
115
1881
1907
1881
192
115
1113
652
576
1881
345
115
268
729
1574
1267
345
1881
1036
115
345
1907
192
115
1907
1267
345
115
1907
1267
345
192
1907
1881
1881
1881
1881
1113
422
1881
1267
1881
1651
345
115
1190
960
1881
1881
268
115
1907
1267
1881
652
1804
1881
345
115
345
1497
806
1651
1267
1804
1574
1881
652
115
883
115
115
1881
883
1651
1881
1881
345
960
1907
1267
499
1344
192
1881
1881
576
345
1881
1190
115
883
1651
1267
960
422
1420
499
115
1651
1497
345
729
192
268
883
1728
1881
1190
652
1344
1728
1190
1113
1881
1267
1881
345
1804
1881
115
345
1574
1881
345
1267
1497
499
115
1190
1113
1881
806
652
1036
1907
192
115
1881
1574
345
115
1881
