9.614440
5.742570
6.576176
4.083034
4.101304
4.356491
4.354312
4.747587
4.222226
5.799979
7.708281
7.395529
4.502318
4.161057
4.381293
4.047848
3.962154
4.522862
4.024281
4.041847
3.946324
3.858581
4.040246
4.101239
4.490469
4.627809
4.062750
4.172401
4.171675
4.144609
4.316525
4.927981
4.114691
3.863106
4.237434
3.833731
4.122073
4.365062
3.887474
4.128675
4.055971
4.314114
4.151030
4.446676
3.974169
4.040906
4.158238
4.387719
4.086960
4.348154
4.529033
4.098871
4.160153
4.436894
4.114764
4.400131
4.517771
4.230523
4.693902
4.998177
4.569650
4.695681
5.859509
9.233602
8.683857
5.748660
9.220858
13.298119
5.632158
8.890723
9.667375
5.696323
6.717556
14.008863
8.938808
9.028411
5.035099
8.807662
11.444130
5.850013
6.692999
9.088032
5.814597
9.094334
11.056937
5.699964
9.444575
8.455502
5.475229
9.315571
13.171032
5.791398
8.837136
10.123065
4.471189
3.912120
3.985770
4.587588
4.483496
4.242263
4.154230
4.122255
3.989746
4.064584
3.876633
4.020252
4.062598
4.117293
4.169248
4.099341
4.155831
4.224725
4.091248
4.124283
4.240396
4.246475
4.676232
6.084996
5.660573
6.869881
9.169650
4.225487
4.305480
5.432448
8.358150
11.277640
4.932041
4.934910
4.300507
4.023465
4.590490
4.165173
4.203002
4.616615
4.256984
4.256325
4.418621
4.023612
4.033515
4.260530
4.129037
4.264490
4.341062
3.889009
4.331338
4.599096
4.412436
4.066761
4.118520
4.083677
4.107051
4.136410
4.046528
4.303679
4.111410
4.190164
4.097035
4.518458
4.298691
4.208526
3.949028
4.164456
4.117217
4.077888
4.349709
4.165210
4.112790
4.089015
4.370024
4.551401
4.174864
4.176140
4.100959
4.372951
3.952454
4.080625
4.092964
4.215231
3.985475
4.197841
4.112583
3.855826
4.024745
4.050763
3.997090
4.016479
3.960946
4.132407
4.374190
4.120259
4.065324
4.106222
4.289730
4.248881
3.882570
4.082253
4.157970
4.433727
4.192614
4.404521
