2.821000
2.740000
1.881000
2.658000
2.740000
2.740000
2.780000
2.740000
2.740000
2.740000
1.881000
2.658000
2.740000
2.740000
2.740000
2.740000
2.740000
2.740000
2.740000
2.740000
2.740000
2.740000
2.740000
2.740000
2.740000
2.740000
2.740000
2.740000
2.740000
2.740000
2.740000
2.740000
2.740000
2.740000
2.740000
2.740000
2.740000
2.740000
2.740000
2.740000
2.740000
2.740000
2.740000
2.740000
2.740000
2.740000
2.740000
2.740000
2.740000
2.740000
2.740000
2.740000
2.740000
2.740000
2.740000
2.740000
2.740000
2.740000
3.353000
3.189000
3.517000
3.721000
3.148000
2.535000
3.189000
3.026000
2.576000
3.108000
3.067000
2.535000
3.067000
3.312000
2.494000
3.108000
2.453000
3.026000
3.148000
2.412000
3.189000
3.067000
2.412000
3.189000
3.026000
2.494000
3.067000
3.108000
2.453000
2.985000
3.271000
2.371000
3.108000
3.026000
1.922000
2.658000
2.740000
2.740000
2.740000
2.740000
2.740000
2.740000
2.740000
2.740000
2.740000
2.740000
2.740000
2.740000
2.740000
2.740000
2.740000
2.740000
2.740000
2.740000
2.740000
2.740000
2.740000
2.740000
3.271000
3.108000
2.780000
1.881000
2.658000
2.740000
2.780000
2.740000
1.881000
2.658000
2.740000
2.740000
2.740000
2.780000
2.740000
2.740000
2.740000
2.740000
2.740000
2.740000
2.740000
2.740000
2.740000
2.740000
2.740000
2.740000
2.740000
2.780000
2.740000
2.740000
2.740000
2.740000
2.740000
2.740000
2.740000
2.740000
2.740000
2.740000
2.740000
2.740000
2.740000
2.740000
2.740000
2.740000
2.740000
2.740000
2.780000
2.740000
2.740000
2.740000
2.740000
2.740000
2.740000
2.740000
2.740000
2.740000
2.740000
2.740000
2.740000
2.740000
2.740000
2.740000
2.740000
2.740000
2.740000
2.740000
2.740000
2.740000
2.740000
2.740000
2.740000
2.740000
2.740000
2.740000
2.740000
2.740000
2.740000
2.740000
2.740000
2.740000
2.740000
2.740000
2.740000
2.740000
