1022.212708
2678.845215
4244.709961
4642.523438
1866.668823
378.525452
73.982559
1703.268311
738.609375
821.879761
1357.794678
2189.427490
550.724121
1451.511963
2207.153076
2065.056152
4237.537598
3679.506104
3909.071533
2665.189453
-46.708485
2775.507324
4656.648926
4468.585938
2290.160889
4211.959961
2229.932617
-0.165679
816.482239
1928.534424
815.527893
-2057.679199
559.549927
2085.867920
-0.921451
-0.989326
549.882690
547.703125
763.119568
281.845490
1569.414795
522.454041
-458.628815
524.624023
-5.089379
731.814270
850.113098
1743.261841
521.718567
-4.472691
1182.922485
0.000000
0.000000
542.848755
0.000000
0.000000
1600.938232
0.000000
537.203857
559.748657
1398.100464
0.000000
1021.938416
0.000000
0.000000
4131.204102
893.094299
-1.741088
448.838104
731.703735
-3.795704
630.069275
-2.186358
1321.381348
496.593628
2604.688477
736.474670
290.658997
319.788788
-467.521637
-0.542030
0.000000
-0.576838
0.000000
0.000000
2747.842773
-1.042808
0.000000
328.489105
506.542847
0.000000
0.000000
1702.216064
1038.521851
502.114838
978.290771
-2.129902
268.819489
4175.458496
-2.363295
468.966370
69.076324
123.944107
0.000000
0.000000
384.567169
713.606323
682.383057
49.631218
306.745972
0.000000
0.000000
0.000000
0.000000
120.396385
503.971436
0.000000
0.000000
1086.043457
763.585388
0.000000
0.000000
290.136597
-0.179710
3555.145020
0.000000
120.737488
0.000000
62.383827
0.000000
0.000000
0.000000
-0.686859
0.000000
0.000000
503.626343
0.000000
0.000000
0.000000
379.050140
0.000000
0.000000
0.000000
0.000000
0.000000
0.000000
528.818298
-2.187738
-2.308625
75.770767
0.000000
0.000000
0.000000
0.000000
0.000000
0.000000
0.000000
0.000000
0.000000
0.000000
0.000000
0.000000
0.000000
0.000000
0.000000
0.000000
0.000000
0.000000
0.000000
824.684875
0.000000
0.000000
0.000000
0.000000
1714.277344
0.000000
386.041046
0.000000
0.000000
0.000000
0.000000
0.000000
0.000000
0.000000
319.809265
0.000000
0.000000
0.000000
438.771973
0.000000
0.000000
0.000000
0.000000
0.000000
0.000000
0.000000
874.427795
0.000000
0.000000
-2.265172
0.000000
0.000000
0.000000
0.000000
0.000000
0.000000
0.000000
0.000000
0.000000
0.000000
0.000000
0.000000
0.000000
0.000000
0.000000
0.000000
0.000000
319.533508
0.000000
0.000000
0.000000
0.000000
0.000000
0.000000
1350.909668
0.000000
0.000000
50.489281
-0.266428
0.000000
0.000000
0.000000
0.000000
0.000000
0.000000
0.000000
597.343323
47.364254
0.000000
0.000000
0.000000
0.000000
0.000000
0.000000
0.000000
0.000000
0.000000
0.000000
0.000000
1338.522339
