8.729371
5.252635
6.271154
7.284865
8.329049
8.450330
10.180660
4.086076
4.867779
7.171917
10.765421
4.746530
5.381945
8.655824
7.031802
4.550072
4.369983
5.150551
8.385598
9.857418
4.321116
5.297260
7.631436
6.045537
4.016550
4.239068
4.448089
5.993603
8.380060
7.706034
5.320070
7.733053
8.046277
4.250639
4.433172
4.248570
5.666596
8.131156
8.635756
4.514685
4.052757
5.223125
7.593763
8.706616
6.569536
4.343807
5.767175
8.889707
13.481119
7.374960
4.106768
4.110837
4.899170
8.470134
8.241095
6.875024
4.644131
5.761324
7.834250
6.886652
4.182385
4.280947
5.159534
7.548572
8.902683
8.413162
7.959046
6.779326
5.716687
7.719856
6.898033
8.404354
6.306334
4.178180
7.076161
5.883354
5.549567
9.028044
12.036677
5.633210
5.161164
8.040016
6.380443
4.449208
5.657705
8.078589
6.405428
4.143764
8.692626
13.887555
7.610466
4.317263
4.433165
4.629580
4.466455
5.315363
7.914609
6.825876
4.063550
4.111530
4.204925
5.975114
8.794358
13.351318
7.049802
7.642624
4.289001
5.657038
12.490322
6.550982
4.593558
4.273714
5.457313
7.317632
4.281638
5.476431
7.937516
8.290127
6.925411
7.423095
6.790426
4.346557
4.039609
4.365430
4.501914
5.619069
9.192910
7.075892
7.861142
7.454606
6.430634
5.079204
7.180171
4.455418
4.515835
5.942729
8.627057
6.675462
4.172419
5.560344
7.945694
4.881824
6.644153
4.643828
4.926956
7.555702
9.119211
5.359222
7.833678
7.563033
6.784340
4.215847
5.598256
12.921910
8.561769
5.618050
7.423322
6.061951
4.357591
8.222367
9.935652
13.428114
9.471503
11.356713
7.654745
4.580452
5.654506
14.909451
11.563308
4.048006
5.297569
7.445225
6.232841
4.714100
3.915364
5.937718
7.698903
5.098315
5.288572
10.399793
7.711701
4.378357
5.262422
7.703668
5.303873
5.410218
7.107602
11.159599
7.366658
11.881040
8.458250
13.649134
9.609489
11.194841
5.449507
7.604083
10.859974
4.480016
5.061409
7.747699
